cam0:
  camera_model: pinhole
  intrinsics: [444.14516870060487, 441.178581452491, 327.96110973918803, 224.59697259676358]
  distortion_model: radtan
  distortion_coeffs: [-0.35403645527908723, 0.09955375249587807, 0.0, 0.0]
  T_cam_imu:
   [1.0, 0.0, 0.0, 0.0250,
    0.0, 1.0, 0.0, 0.0060,
    0.0, 0.0, 1.0, 0.0,
    0.0, 0.0, 0.0, 1.0]
  timeshift_cam_imu: 0.0
  rostopic: /pirvs/left/image_raw
  resolution: [640, 480]
cam1:
  camera_model: pinhole
  intrinsics: [440.00771082333284, 436.87623404762235, 323.2234196809038, 232.64389679764312]
  distortion_model: radtan
  distortion_coeffs: [-0.35634944490941167, 0.10342986450079168, 0, 0]
  T_cn_cnm1:
    [ 0.9999496427943411, -0.0013595733779220476, -0.009943009388368207, 0.06393994709292916,
   0.001395692144731678, 0.9999924500871678,  0.003626542720172957, 0.00018236572832579234,
   0.009938003768577713, -0.0036402374777137108, 0.999943990807586, 0.0018515668747375487,
   0.0, 1.216474837528736e-16, -1.734723475976807e-18, 1.000000000000001]
  T_cam_imu:
    [ 0.999949642588698, 0.001395692146666, 0.009938003766246, -0.038948267437132,
   -0.001359573373033, 0.999992450174333, -0.003640237477110, 0.005877272206211,
   -0.009943009385819, 0.003626542722058, 0.999943990615175, -0.001443185006159,
  1.481403082993922e-19, -1.216402745338917e-16, 2.177452049457984e-18, 1.0]
  timeshift_cam_imu: 0.0
  rostopic: /pirvs/right/image_raw
  resolution: [640, 480]
T_imu_body:
  [1.0000, 0.0000, 0.0000, 0.0000,
   0.0000, 1.0000, 0.0000, 0.0000,
   0.0000, 0.0000, 1.0000, 0.0000,
   0.0000, 0.0000, 0.0000, 1.0000]
