cam0:
  Camera model: pinhole
  Focal length: [1156.5188534683703, 1156.5772666173266]
  Principal point: [763.2083316463371, 617.2779853849335]
  Distortion model: radtan
  Distortion coefficients: [-0.17473019446863114, 0.10643290428040156, 0.005210777878907861, -0.00028664918860079295]
  Type: aprilgrid
  T_cam_imu:
   [-0.99995148,  0.00745428, -0.00643906,  0.09571983,
    -0.00727168, -0.99958341, -0.02793089, -0.00225429,
    -0.00664458, -0.02788272,  0.99958912,  0.02431749,
     0. ,         0.    ,      0.    ,      1.        ]
  timeshift_cam_imu: 0.0
  rostopic: /slave1/image_raw
  resolution: [640, 480]
cam1:
  Camera model: pinhole
  Focal length: [1158.625855755729, 1156.0604864187183]
  Principal point: [765.5609812846063, 588.6683184401453]
  Distortion model: radtan
  Distortion coefficients: [-0.173831269260396, 0.10747272137157605, 0.004231076633773206, -0.0026692219494915187]
  Type: aprilgrid
  T_cn_cnm1:
    [ 0.99998446,  0.00145734 , 0.00538055 ,-0.13893452,
     -0.00147418 , 0.99999402 , 0.00312794 , 0.00081133,
     -0.00537596, -0.00313582 , 0.99998063 , 0.00009182,
      0.        ,  0.         , 0.        ,  1.        ]
  T_cam_imu:
   [-0.9999823 ,  0.00584741, -0.00110132 ,-0.04308862,
    -0.00581831 ,-0.99967564, -0.02479458, -0.00150799,
    -0.00124595, -0.02478773 , 0.99969196 , 0.02390132,
     0.         , 0.       ,   0.        ,  1.        ]
  timeshift_cam_imu: 0.0
  rostopic: /slave2/image_raw
  resolution: [640, 480]
T_imu_body:
  [1.0000, 0.0000, 0.0000, 0.0000,
   0.0000, 1.0000, 0.0000, 0.0000,
   0.0000, 0.0000, 1.0000, 0.0000,
   0.0000, 0.0000, 0.0000, 1.0000]
