cam0:
  camera_model: pinhole
  intrinsics: [444.14516870060487, 441.178581452491, 327.96110973918803, 224.59697259676358]
  distortion_model: radtan
  distortion_coeffs: [-0.35403645527908723, 0.09955375249587807, 0.0, 0.0]
  T_cam_imu:
   [1.0, 0.0, 0.0, 0.0250,
    0.0, 1.0, 0.0, 0.0060,
    0.0, 0.0, 1.0, 0.0,
    0.0, 0.0, 0.0, 1.0]
  timeshift_cam_imu: 0.0
  rostopic: /pirvs/left/image_raw
  resolution: [640, 480]
cam1:
  camera_model: pinhole
  intrinsics: [440.00771082333284, 436.87623404762235, 323.2234196809038, 232.64389679764312]
  distortion_model: radtan
  distortion_coeffs: [-0.35634944490941167, 0.10342986450079168, 0, 0]
  T_cn_cnm1:
   [9.9995e-01,   1.3957e-03,   9.9380e-03,  -8.8962e-02,
   -1.3596e-03,   9.9999e-01,  -3.6402e-03,  -6.0547e-03,
   -9.9430e-03,   3.6265e-03,   9.9994e-01,  -9.8955e-04,
    1.4814e-19,  -1.2164e-16,   2.1775e-18,   1.0000e+00]
  T_cam_imu:
   [9.9995e-01,   1.3957e-03,   9.9380e-03,  -3.8948e-02,
   -1.3596e-03,   9.9999e-01,  -3.6402e-03,   5.8773e-03,
   -9.9430e-03,   3.6265e-03,   9.9994e-01,  -1.4432e-03,
    1.4814e-19,  -1.2164e-16,   2.1775e-18,   1.0000e+00]
  timeshift_cam_imu: 0.0
  rostopic: /pirvs/right/image_raw
  resolution: [640, 480]
T_imu_body:
  [1.0000, 0.0000, 0.0000, 0.0000,
   0.0000, 1.0000, 0.0000, 0.0000,
   0.0000, 0.0000, 1.0000, 0.0000,
   0.0000, 0.0000, 0.0000, 1.0000]
