cam0:
  T_cam_imu:
     [-0.01793041526001382, 0.9990985544611994, -0.03847828845136503, 0.053055608556853394,
     -0.5518934635752859, 0.022200568327484738, 0.8336190614596168, 0.1073349983764274,
     0.8337218391474936, 0.03618305182650666, 0.5509978962655323, -0.08477679890247239,
     0.0, 0.0, 0.0, 1.0]
  cam_overlaps: [1]
  camera_model: pinhole
  distortion_coeffs: [-0.16289394, 0.08351833, 0.01227648, 0.0006859]
  distortion_model: radtan
  intrinsics: [1138.83276975, 1139.59469807, 708.17293738, 617.12897383]
  resolution: [1600, 1200]
  rostopic: /cam_fl/image_raw/compressed
  timeshift_cam_imu: 0.026356418960953212
cam1:
  T_cam_imu:
   [0.000760698257587733, 0.9999801302236975, -0.006257834765978854, -0.039035842094119554,
     -0.5285587474838807, 0.005714322344087752, 0.8488774923264365, 0.10702101357275674,
     0.8488963846055845, 0.0026618936765486767, 0.5285525920148558, -0.08966169950275216,
     0.0, 0.0, 0.0, 1.0]
  T_cn_cnm1:
   [0.9993058537319758, 0.016563652466657895, 0.033368489836481496, -0.09100360815636539,
    -0.017476903984205833, 0.9994754375028937, 0.02726550303079978, 0.002981048955092985,
   -0.03289936966159748, -0.02782975467659533, 0.9990711367217584, -0.00023104390406532654,
    0.0, 0.0, 0.0, 1.0]
  cam_overlaps: [0]
  camera_model: pinhole
  distortion_coeffs: [-0.16234962, 0.08155626, 0.00629881, -0.00303863]
  distortion_model: radtan
  intrinsics: [1138.63342406, 1138.77461325, 720.18126274, 602.90654942]
  resolution: [1600, 1200]
  rostopic: /cam_fr/image_raw/compressed
  timeshift_cam_imu: 0.014662482801338136
T_imu_body:
  [1.0000, 0.0000, 0.0000, 0.0000,
  0.0000, 1.0000, 0.0000, 0.0000,
  0.0000, 0.0000, 1.0000, 0.0000,
  0.0000, 0.0000, 0.0000, 1.0000]
